## YEARSTOUSE 2019 2020 2021
## MAXDIVERTW 3000
## DHWWhPERDAY 4000
## STOREMAXWh 7000
## MARGINW 400
#h   06   09   12 
00    0    0    0 
01    0    0    0 
02    0    0    0 
03    0    0    0 
04    0    0    0 
05   18    0    0 
06  130    1    0 
07  329   35    0 
08  601  159    0 
09  853  379    0 
10  711  697    0 
11  434  791    3 
12  260  586    1 
13  163  414    0 
14  135  232    0 
15   62   81    0 
16   16    7    0 
17   19    0    0 
18    2    0    0 
19    0    0    0 
20    0    0    0 
21    0    0    0 
22    0    0    0 
23    0    0    0 
